1073741824S,0C
0 0
56492 1
325 1
484 1
-325 -1
522 1
-484 -1
522 1
-522 -1
522 1
-522 -1
1596 1
76569 1
90229 1
47479 1
-90229 -1
50196 1
50174 1
50911 1
50832 1
50904 1
50898 1
50913 1
50553 1
50907 1
50895 1
50905 1
16019 1
88579 1
88800 1
-88579 -1
-88800 -1
57054 1
50900 1
7816 1
50924 1
7328 1
67689 1
50543 1
6020 1
50464 1
50471 1
92073 1
50451 1
50540 1
50532 1
50542 1
50539 1
50651 1
609809 1
72461 1
5302 1
633571 1
-633571 -1
589216 1
50647 1
7139 1
50655 1
50615 1
50599 1
50603 1
50595 1
50593 1
50595 1
50591 1
7266 1
50673 1
50614 1
50619 1
50607 1
50605 1
50602 1
50561 1
50602 1
50564 1
50585 1
50480 1
7094 1
7268 1
7209 1
7075 1
125971 1
46810 1
58739 1
106163 1
-106163 -1
599485 1
93952 1
-93952 -1
598423 1
610885 1
6664 1
49294 1
72270 1
56890 1
57912 1
80079 1
63772 1
2226213 1
101445 1
-101445 -1
51926 1
78612 1
61864 1
59638 1
88837 1
139656 1
-139656 -1
88199 1
54073 1
591460 1
46654 1
153407 1
121827 1
1614238 1
150987 1
148955 1
8459 1
46109 1
68017 1
591457 1
54901 1
11556 1
69292 1
70671 1
71031 1
876403 1
899784 1
259540 1
1932440 1
1932444 1
62275 1
64849 1
65573 1
118467 1
140846 1
735246 1
60773 1
122342 1
94997 1
95053 1
-94997 -1
-95053 -1
50732 1
50741 1
50626 1
50741 1
50723 1
50733 1
50759 1
50759 1
50769 1
50744 1
50727 1
12716 1
50762 1
50758 1
8348 1
8414 1
50742 1
50732 1
50746 1
94780 1
-94780 -1
50834 1
50723 1
50750 1
50740 1
41014 1
50621 1
50737 1
50727 1
50725 1
50618 1
50727 1
50703 1
50746 1
8331 1
78472 1
49637 1
49110 1
116107 1
89213 1
160220 1
57210 1
49224 1
51612 1
59801 1
52461 1
68353 1
74451 1
80240 1
151108 1
51964 1
56984 1
55825 1
69741 1
61849 1
106974 1
75334 1
75476 1
-75334 -1
538 1
538 1
-538 -1
1831 1
-538 -1
1884 1
-1831 -1
1884 1
-1884 -1
1891 1
-1884 -1
1915 1
-1891 -1
1970 1
-1915 -1
1918 1
-1970 -1
1918 1
-1918 -1
2673 1
2673 1
-4591 -2
2673 1
-2673 -1
54528 1
54564 1
-54528 -1
54772 1
-54564 -1
54772 1
-54772 -1
3666 1
-2673 -1
3150 1
-3666 -1
3207 1
-3150 -1
3207 1
-3207 -1
3224 1
-3207 -1
3227 1
-3224 -1
3227 1
-3227 -1
3227 1
-3227 -1
3227 1
-3227 -1
-130248 -2
7330 1
7330 1
538 1
538 1
-538 -1
584 1
-538 -1
636 1
-584 -1
726 1
-636 -1
727 1
-726 -1
756 1
-727 -1
756 1
-756 -1
756 1
-756 -1
171003 1
-756 -1
171032 1
-171003 -1
171032 1
-171032 -1
171032 1
-171032 -1
103802 1
181342 1
538 1
538 1
-538 -1
577 1
-538 -1
674 1
-577 -1
674 1
-674 -1
10068 1
110259 1
538 1
538 1
-538 -1
32048 1
-538 -1
32048 1
-32048 -1
-32048 -1
1596 1
135254 1
113548 1
109503 1
1996429 1
50902 1
50938 1
-50902 -1
51014 1
-50938 -1
51130 1
-51014 -1
51160 1
-51130 -1
51230 1
-51160 -1
51264 1
-51230 -1
214585 1
-51264 -1
214585 1
-214585 -1
214585 1
-214585 -1
56154 1
53911 1
53947 1
-53911 -1
54071 1
-53947 -1
54112 1
-54071 -1
54112 1
-54112 -1
54112 1
-54112 -1
54112 1
-54112 -1
54112 1
-54112 -1
54109 1
-54112 -1
54127 1
-54109 -1
54217 1
-54127 -1
54286 1
-54217 -1
54310 1
-54286 -1
212345 1
-54310 -1
212345 1
-212345 -1
212345 1
-212345 -1
212345 1
-212345 -1
-674 -1
4253 1
2252 1
2288 1
-2252 -1
2350 1
-2288 -1
2350 1
-2350 -1
2299 1
-2350 -1
2356 1
-2299 -1
2356 1
-2356 -1
2356 1
-2356 -1
538 1
538 1
-538 -1
-538 -1
538 1
538 1
-538 -1
592 1
-538 -1
592 1
-592 -1
592 1
-592 -1
164833 1
325472 1
5851524 1
55539 1
142636 1
787834 1
1159770 1
84503 1
-84503 -1
1914309 1
1961808 1
-1961808 -1
1962449 1
1914413 1
1957986 1
-1957986 -1
1914417 1
1914404 1
1914411 1
10132 1
1962403 1
10173 1
1914412 1
1914409 1
1914405 1
10201 1
1914404 1
10131 1
10123 1
1914479 1
1914469 1
1914479 1
1914469 1
1914477 1
1914472 1
1914468 1
1914467 1
1914475 1
1957234 1
534329 1
1914433 1
1914434 1
1914428 1
1914430 1
1914489 1
1914441 1
11597 1
1914443 1
1914428 1
7655 1
1914427 1
1914439 1
229073 1
378523 1
379776 1
-378523 -1
-379776 -1
269412 1
323424 1
1914463 1
1914431 1
1914447 1
1914441 1
1914433 1
1914429 1
1914440 1
1914439 1
1914439 1
1914433 1
10360 1
81156 1
52240 1
1914435 1
1914430 1
1914436 1
1914424 1
1914432 1
1914452 1
1914437 1
1914433 1
1914433 1
1914437 1
10092 1
284326 1
1914430 1
1961669 1
1914463 1
1914435 1
1914486 1
1914437 1
1914435 1
1914429 1
1914433 1
1914463 1
1914430 1
1914431 1
1914437 1
1914427 1
1914435 1
1914437 1
1914434 1
1914432 1
1914429 1
1914433 1
1954318 1
76634 1
